SIMULACIÓN LOCAL: 


(1) Contenedor del cliente que va a buscar datos a la planta almacenó 16 datos mas de los almacenados por el contenedor del controlador: 

	18738.214472055435,1.0026404857635498,27.31396314427752,32.2919804882297,5.227755843353649,2.620662671557915,1.0206581629753124,0.3215250028610157
	18739.21754550934,0.9804506301879883,27.31396314427752,32.2919804882297,5.227755843353649,2.620662671557915,0.9847904368877387,0.5818645936965936
	18740.19810771942,1.0014991760253906,27.803603032568958,32.33465368619255,5.247749782526339,2.8003757511871865,0.9564650024890895,1.0499584281921415
	18741.19972229004,0.997199535369873,28.264914552493572,32.6736036518778,5.489932025100329,2.9669391564408043,1.1353406224966065,0.6839947241783051
	18742.197063684464,1.0218327045440674,29.482385172016958,32.901699462518266,5.61288082521219,3.3990954838515295,0.7613761112451591,0.29991319961547447
	18743.219294071198,0.9802029132843018,29.77246809789723,32.781854256808124,5.4894551330479615,3.4913234092506964,0.8064321641683598,0.1274599197387687
	18744.19960474968,1.0218191146850586,30.09412527806739,32.55711876828251,5.286932933407037,3.595657033484448,0.7417883420944236,0.006748052024839524
	18745.22186422348,0.9881279468536377,30.35376484657483,32.26075150506976,5.031886305481325,3.677623087268902,0.3605919075965929,0.1835832202911405
	18746.210324525833,1.0091118812561035,30.35376484657483,32.26075150506976,5.031886305481325,3.677623087268902,0.3551640941619887,-0.14055194511414015
	18747.219903945923,1.002375841140747,30.204011362580218,31.493420077845368,4.402372371658422,3.5975993588621207,0.5730353207111349,-0.11391829090118932
	18748.22272825241,0.9987308979034424,30.204011362580218,31.493420077845368,4.402372371658422,3.5975993588621207,0.7880009620666506,-0.17285485305785642
	18749.22190785408,0.9871602058410645,30.478406248451158,31.09236900306099,4.084478869753091,3.6939520114803095,0.6795118129253375,-0.1370330978393568
	18750.209180116653,1.0165190696716309,30.651018341003127,30.71850320015452,3.792294298138988,3.7544449310709216,0.5152688400268559,-0.0016353692054664748
	18751.226171970367,1.0049247741699219,30.696044969852327,30.149827676233905,3.3597103987653156,3.770245906259025,0.5152688400268559,-0.0016353692054664748
	18752.231535196304,0.9955544471740723,30.70859248560163,29.868778474548236,3.1530587914841655,3.7779062377706305,0.5152688400268559,-0.0016353692054664748
	18753.227333307266,1.0004494190216064,30.71458083800377,29.589908779741585,2.9528391754079735,3.7854110133137886,0.5152688400268559,-0.0016353692054664748
	18754.227961063385,1.0032930374145508,30.71458083800377,29.589908779741585,2.9528391754079735,3.7854110133137886,0.5152688400268559,-0.0016353692054664748


(2) Contenedor del autoencoder almacenó 2 datos mas que el contenedor del controlador: 

	18738.036280870438,1.0055453777313232,29.437315,30.225035,3.6501715,3.0716426
	18739.042209148407,0.9946110248565674,29.711697,30.117985,3.137926,2.6807327
